0.000000000000000000e+00,4.731200000000000000e+04,4.664800000000000000e+04,4.723200000000000000e+04,4.772000000000000000e+04,3.795200000000000000e+04,3.037600000000000000e+04,2.856000000000000000e+04,3.944000000000000000e+04,3.448800000000000000e+04,3.326400000000000000e+04,4.219200000000000000e+04,4.379000000000000000e+04,3.277800000000000000e+04,4.827200000000000000e+04,4.552200000000000000e+04,4.358800000000000000e+04,4.714200000000000000e+04,4.295600000000000000e+04,3.260200000000000000e+04,4.345800000000000000e+04,4.624000000000000000e+04,5.007800000000000000e+04,4.867600000000000000e+04,4.788400000000000000e+04,4.784800000000000000e+04,5.130600000000000000e+04,5.129800000000000000e+04,5.140600000000000000e+04,5.144200000000000000e+04,3.707200000000000000e+04,3.764000000000000000e+04,3.519200000000000000e+04,3.697600000000000000e+04,5.558400000000000000e+04,5.365600000000000000e+04,3.808000000000000000e+04,5.649600000000000000e+04,3.808000000000000000e+04,5.556800000000000000e+04,3.830600000000000000e+04,5.325600000000000000e+04,5.089800000000000000e+04,5.667000000000000000e+04,5.699600000000000000e+04,5.552400000000000000e+04,5.460400000000000000e+04,5.138800000000000000e+04,5.139200000000000000e+04,4.203000000000000000e+04,5.584200000000000000e+04,6.418200000000000000e+04,6.234400000000000000e+04,4.551200000000000000e+04,5.510600000000000000e+04,4.982600000000000000e+04,4.295600000000000000e+04,4.619000000000000000e+04,4.881400000000000000e+04,4.875600000000000000e+04
4.731200000000000000e+04,0.000000000000000000e+00,4.131200000000000000e+04,4.400000000000000000e+04,2.623200000000000000e+04,3.072000000000000000e+04,3.412800000000000000e+04,3.032800000000000000e+04,4.086400000000000000e+04,3.108800000000000000e+04,3.621600000000000000e+04,3.294400000000000000e+04,3.429800000000000000e+04,3.426200000000000000e+04,2.445200000000000000e+04,2.719600000000000000e+04,3.199600000000000000e+04,2.586200000000000000e+04,3.159400000000000000e+04,3.740400000000000000e+04,3.282800000000000000e+04,4.084400000000000000e+04,4.524600000000000000e+04,4.668800000000000000e+04,4.575400000000000000e+04,4.576400000000000000e+04,4.501200000000000000e+04,4.499000000000000000e+04,4.508000000000000000e+04,4.514200000000000000e+04,4.527200000000000000e+04,4.648000000000000000e+04,4.296800000000000000e+04,4.566400000000000000e+04,3.872800000000000000e+04,5.075200000000000000e+04,3.185600000000000000e+04,4.950400000000000000e+04,3.477600000000000000e+04,3.677600000000000000e+04,4.871400000000000000e+04,4.989000000000000000e+04,4.741000000000000000e+04,2.804400000000000000e+04,4.596400000000000000e+04,4.305400000000000000e+04,4.160600000000000000e+04,4.167000000000000000e+04,4.510800000000000000e+04,5.511200000000000000e+04,4.877400000000000000e+04,5.684200000000000000e+04,5.422200000000000000e+04,5.743200000000000000e+04,5.382000000000000000e+04,5.406800000000000000e+04,4.533800000000000000e+04,4.486800000000000000e+04,4.168400000000000000e+04,4.166200000000000000e+04
4.664800000000000000e+04,4.131200000000000000e+04,0.000000000000000000e+00,2.803200000000000000e+04,2.766400000000000000e+04,3.756000000000000000e+04,3.968000000000000000e+04,3.767200000000000000e+04,3.432800000000000000e+04,3.290400000000000000e+04,2.964800000000000000e+04,3.632000000000000000e+04,3.645200000000000000e+04,3.017800000000000000e+04,3.308400000000000000e+04,3.474800000000000000e+04,3.990600000000000000e+04,3.688800000000000000e+04,3.913000000000000000e+04,4.022600000000000000e+04,3.856600000000000000e+04,2.602600000000000000e+04,4.473200000000000000e+04,4.291400000000000000e+04,4.056600000000000000e+04,4.055200000000000000e+04,4.216800000000000000e+04,4.211200000000000000e+04,4.215000000000000000e+04,4.220600000000000000e+04,4.548800000000000000e+04,4.583200000000000000e+04,3.747200000000000000e+04,4.503200000000000000e+04,4.250400000000000000e+04,3.461600000000000000e+04,3.748000000000000000e+04,3.926400000000000000e+04,4.659200000000000000e+04,4.040800000000000000e+04,3.339200000000000000e+04,5.190600000000000000e+04,5.005400000000000000e+04,4.906400000000000000e+04,5.188200000000000000e+04,5.178400000000000000e+04,4.700200000000000000e+04,4.927800000000000000e+04,4.821800000000000000e+04,4.360800000000000000e+04,3.303600000000000000e+04,5.442200000000000000e+04,5.569400000000000000e+04,5.801800000000000000e+04,5.618000000000000000e+04,5.426600000000000000e+04,3.365000000000000000e+04,3.234600000000000000e+04,4.102600000000000000e+04,4.096200000000000000e+04
4.723200000000000000e+04,4.400000000000000000e+04,2.803200000000000000e+04,0.000000000000000000e+00,3.220800000000000000e+04,3.840000000000000000e+04,4.200000000000000000e+04,4.146400000000000000e+04,4.280000000000000000e+04,4.033600000000000000e+04,3.820800000000000000e+04,3.559200000000000000e+04,3.275200000000000000e+04,3.809200000000000000e+04,3.223000000000000000e+04,3.226000000000000000e+04,3.938400000000000000e+04,3.743400000000000000e+04,3.762000000000000000e+04,3.854000000000000000e+04,3.681000000000000000e+04,2.946200000000000000e+04,4.448800000000000000e+04,3.932800000000000000e+04,3.520200000000000000e+04,3.525400000000000000e+04,3.525000000000000000e+04,3.531800000000000000e+04,3.548800000000000000e+04,3.558600000000000000e+04,3.812000000000000000e+04,3.970400000000000000e+04,4.665600000000000000e+04,4.196800000000000000e+04,4.594400000000000000e+04,2.676800000000000000e+04,4.053600000000000000e+04,3.546400000000000000e+04,4.710400000000000000e+04,4.536800000000000000e+04,4.108000000000000000e+04,5.281400000000000000e+04,4.316000000000000000e+04,5.123600000000000000e+04,5.227600000000000000e+04,5.168600000000000000e+04,4.864200000000000000e+04,4.988400000000000000e+04,4.858000000000000000e+04,3.623600000000000000e+04,4.976200000000000000e+04,4.571200000000000000e+04,4.692000000000000000e+04,5.094200000000000000e+04,4.954800000000000000e+04,4.741000000000000000e+04,1.986800000000000000e+04,2.212000000000000000e+04,3.532600000000000000e+04,3.521600000000000000e+04
4.772000000000000000e+04,2.623200000000000000e+04,2.766400000000000000e+04,3.220800000000000000e+04,0.000000000000000000e+00,3.420800000000000000e+04,3.380800000000000000e+04,3.373600000000000000e+04,3.625600000000000000e+04,3.569600000000000000e+04,3.299200000000000000e+04,3.112800000000000000e+04,2.802600000000000000e+04,3.416200000000000000e+04,2.540400000000000000e+04,2.729400000000000000e+04,3.015000000000000000e+04,2.566600000000000000e+04,3.077600000000000000e+04,3.165000000000000000e+04,3.013600000000000000e+04,2.920400000000000000e+04,4.480200000000000000e+04,4.318200000000000000e+04,3.998400000000000000e+04,3.999000000000000000e+04,4.097400000000000000e+04,4.095200000000000000e+04,4.099800000000000000e+04,4.101400000000000000e+04,4.215200000000000000e+04,4.218400000000000000e+04,4.627200000000000000e+04,3.701600000000000000e+04,3.045600000000000000e+04,4.034400000000000000e+04,3.348800000000000000e+04,4.091200000000000000e+04,3.992800000000000000e+04,3.012000000000000000e+04,3.562400000000000000e+04,4.836000000000000000e+04,4.730400000000000000e+04,3.984600000000000000e+04,4.510200000000000000e+04,4.285800000000000000e+04,4.470200000000000000e+04,4.453400000000000000e+04,4.630200000000000000e+04,4.605200000000000000e+04,4.224600000000000000e+04,5.115800000000000000e+04,5.151000000000000000e+04,5.190600000000000000e+04,4.872800000000000000e+04,5.065000000000000000e+04,3.531200000000000000e+04,3.532400000000000000e+04,3.721200000000000000e+04,3.713600000000000000e+04
3.795200000000000000e+04,3.072000000000000000e+04,3.756000000000000000e+04,3.840000000000000000e+04,3.420800000000000000e+04,0.000000000000000000e+00,1.336000000000000000e+04,1.424000000000000000e+04,3.020800000000000000e+04,2.639200000000000000e+04,2.169600000000000000e+04,1.960000000000000000e+04,1.742600000000000000e+04,2.414400000000000000e+04,2.684200000000000000e+04,1.682800000000000000e+04,1.390400000000000000e+04,1.857800000000000000e+04,1.367800000000000000e+04,2.378200000000000000e+04,1.525000000000000000e+04,3.976600000000000000e+04,4.380600000000000000e+04,4.243400000000000000e+04,4.104000000000000000e+04,4.108200000000000000e+04,3.327600000000000000e+04,3.315400000000000000e+04,3.310400000000000000e+04,3.306400000000000000e+04,3.766400000000000000e+04,3.821600000000000000e+04,3.929600000000000000e+04,3.811200000000000000e+04,4.252000000000000000e+04,4.789600000000000000e+04,1.649600000000000000e+04,4.020000000000000000e+04,3.708000000000000000e+04,4.107200000000000000e+04,4.601000000000000000e+04,3.510400000000000000e+04,2.878000000000000000e+04,3.823800000000000000e+04,3.710800000000000000e+04,3.623800000000000000e+04,3.305600000000000000e+04,3.302400000000000000e+04,3.222600000000000000e+04,4.618000000000000000e+04,3.850800000000000000e+04,4.703200000000000000e+04,4.739000000000000000e+04,5.313800000000000000e+04,4.066800000000000000e+04,4.479200000000000000e+04,4.250200000000000000e+04,3.700400000000000000e+04,4.005200000000000000e+04,4.004000000000000000e+04
3.037600000000000000e+04,3.412800000000000000e+04,3.968000000000000000e+04,4.200000000000000000e+04,3.380800000000000000e+04,1.336000000000000000e+04,0.000000000000000000e+00,8.880000000000000000e+03,2.383200000000000000e+04,2.268800000000000000e+04,1.575200000000000000e+04,1.905600000000000000e+04,1.973800000000000000e+04,1.897400000000000000e+04,3.128800000000000000e+04,2.238600000000000000e+04,1.646600000000000000e+04,2.164400000000000000e+04,1.483200000000000000e+04,1.417000000000000000e+04,1.514200000000000000e+04,3.720000000000000000e+04,3.694600000000000000e+04,3.688400000000000000e+04,3.566400000000000000e+04,3.562600000000000000e+04,3.401200000000000000e+04,3.393400000000000000e+04,3.399200000000000000e+04,3.405600000000000000e+04,3.588800000000000000e+04,3.682400000000000000e+04,3.786400000000000000e+04,3.536800000000000000e+04,4.591200000000000000e+04,4.747200000000000000e+04,2.034400000000000000e+04,4.171200000000000000e+04,3.115200000000000000e+04,4.492000000000000000e+04,4.059400000000000000e+04,3.594600000000000000e+04,3.342200000000000000e+04,3.944000000000000000e+04,3.652600000000000000e+04,3.337800000000000000e+04,3.295200000000000000e+04,3.038800000000000000e+04,3.262600000000000000e+04,3.856600000000000000e+04,4.090200000000000000e+04,4.685000000000000000e+04,4.437600000000000000e+04,4.373400000000000000e+04,3.724600000000000000e+04,3.893200000000000000e+04,3.683400000000000000e+04,3.792000000000000000e+04,4.032800000000000000e+04,4.036800000000000000e+04
2.856000000000000000e+04,3.032800000000000000e+04,3.767200000000000000e+04,4.146400000000000000e+04,3.373600000000000000e+04,1.424000000000000000e+04,8.880000000000000000e+03,0.000000000000000000e+00,2.651200000000000000e+04,2.107200000000000000e+04,1.687200000000000000e+04,1.988800000000000000e+04,2.257200000000000000e+04,1.806000000000000000e+04,2.835400000000000000e+04,2.206400000000000000e+04,1.976000000000000000e+04,2.185600000000000000e+04,1.897800000000000000e+04,1.699800000000000000e+04,1.940400000000000000e+04,3.421000000000000000e+04,3.418000000000000000e+04,3.471800000000000000e+04,3.343600000000000000e+04,3.336200000000000000e+04,3.381800000000000000e+04,3.377600000000000000e+04,3.377200000000000000e+04,3.378000000000000000e+04,3.753600000000000000e+04,3.858400000000000000e+04,3.435200000000000000e+04,3.750400000000000000e+04,4.297600000000000000e+04,4.727200000000000000e+04,1.676800000000000000e+04,4.257600000000000000e+04,3.151200000000000000e+04,4.141600000000000000e+04,3.889800000000000000e+04,3.793000000000000000e+04,3.583800000000000000e+04,3.832200000000000000e+04,3.969400000000000000e+04,3.705200000000000000e+04,3.556000000000000000e+04,3.507600000000000000e+04,3.500800000000000000e+04,3.993600000000000000e+04,3.914800000000000000e+04,4.956600000000000000e+04,4.604200000000000000e+04,4.502400000000000000e+04,4.285000000000000000e+04,4.110000000000000000e+04,3.498400000000000000e+04,3.634000000000000000e+04,3.652800000000000000e+04,3.656800000000000000e+04
3.944000000000000000e+04,4.086400000000000000e+04,3.432800000000000000e+04,4.280000000000000000e+04,3.625600000000000000e+04,3.020800000000000000e+04,2.383200000000000000e+04,2.651200000000000000e+04,0.000000000000000000e+00,2.172000000000000000e+04,1.405600000000000000e+04,2.419200000000000000e+04,2.665000000000000000e+04,1.739800000000000000e+04,3.570200000000000000e+04,3.225000000000000000e+04,2.414200000000000000e+04,3.043000000000000000e+04,2.702200000000000000e+04,2.030800000000000000e+04,2.695600000000000000e+04,3.415200000000000000e+04,3.882800000000000000e+04,3.736200000000000000e+04,3.626800000000000000e+04,3.628600000000000000e+04,3.677000000000000000e+04,3.681800000000000000e+04,3.700200000000000000e+04,3.709000000000000000e+04,3.932000000000000000e+04,4.171200000000000000e+04,3.289600000000000000e+04,3.929600000000000000e+04,4.155200000000000000e+04,3.771200000000000000e+04,3.112000000000000000e+04,4.160800000000000000e+04,3.433600000000000000e+04,3.875200000000000000e+04,4.026600000000000000e+04,2.841400000000000000e+04,3.501600000000000000e+04,3.723600000000000000e+04,3.216800000000000000e+04,3.808400000000000000e+04,3.679800000000000000e+04,3.315000000000000000e+04,3.441400000000000000e+04,4.183600000000000000e+04,4.393000000000000000e+04,4.770200000000000000e+04,4.885800000000000000e+04,4.470000000000000000e+04,3.921800000000000000e+04,3.548400000000000000e+04,3.573800000000000000e+04,3.612000000000000000e+04,3.769400000000000000e+04,3.770200000000000000e+04
3.448800000000000000e+04,3.108800000000000000e+04,3.290400000000000000e+04,4.033600000000000000e+04,3.569600000000000000e+04,2.639200000000000000e+04,2.268800000000000000e+04,2.107200000000000000e+04,2.172000000000000000e+04,0.000000000000000000e+00,1.445600000000000000e+04,3.037600000000000000e+04,3.070000000000000000e+04,8.898000000000000000e+03,3.251200000000000000e+04,2.917600000000000000e+04,2.835000000000000000e+04,2.937800000000000000e+04,2.782800000000000000e+04,2.547600000000000000e+04,2.830200000000000000e+04,3.231600000000000000e+04,3.664200000000000000e+04,3.769200000000000000e+04,3.665600000000000000e+04,3.669200000000000000e+04,3.669000000000000000e+04,3.668000000000000000e+04,3.679400000000000000e+04,3.684600000000000000e+04,3.462400000000000000e+04,3.653600000000000000e+04,2.556800000000000000e+04,3.391200000000000000e+04,4.688000000000000000e+04,4.320800000000000000e+04,2.824000000000000000e+04,4.281600000000000000e+04,3.927200000000000000e+04,4.074400000000000000e+04,4.312200000000000000e+04,4.101200000000000000e+04,3.919400000000000000e+04,3.966400000000000000e+04,4.040000000000000000e+04,3.752200000000000000e+04,3.280800000000000000e+04,2.831400000000000000e+04,3.222600000000000000e+04,4.298200000000000000e+04,4.225200000000000000e+04,5.103400000000000000e+04,4.775600000000000000e+04,4.778000000000000000e+04,4.466000000000000000e+04,4.229400000000000000e+04,3.579000000000000000e+04,3.583400000000000000e+04,3.540600000000000000e+04,3.545600000000000000e+04
3.326400000000000000e+04,3.621600000000000000e+04,2.964800000000000000e+04,3.820800000000000000e+04,3.299200000000000000e+04,2.169600000000000000e+04,1.575200000000000000e+04,1.687200000000000000e+04,1.405600000000000000e+04,1.445600000000000000e+04,0.000000000000000000e+00,2.250400000000000000e+04,2.328400000000000000e+04,7.796000000000000000e+03,2.921600000000000000e+04,2.570200000000000000e+04,2.188600000000000000e+04,2.511000000000000000e+04,2.111600000000000000e+04,1.870800000000000000e+04,2.142800000000000000e+04,3.191200000000000000e+04,3.504800000000000000e+04,3.452200000000000000e+04,3.318600000000000000e+04,3.322400000000000000e+04,3.287000000000000000e+04,3.287200000000000000e+04,3.299400000000000000e+04,3.308200000000000000e+04,3.550400000000000000e+04,3.667200000000000000e+04,2.657600000000000000e+04,3.545600000000000000e+04,4.432000000000000000e+04,3.936800000000000000e+04,2.540800000000000000e+04,4.209600000000000000e+04,3.295200000000000000e+04,3.637600000000000000e+04,3.965800000000000000e+04,3.791000000000000000e+04,3.605800000000000000e+04,3.958800000000000000e+04,3.944400000000000000e+04,3.800200000000000000e+04,3.472800000000000000e+04,3.307800000000000000e+04,3.345000000000000000e+04,3.845200000000000000e+04,4.039800000000000000e+04,4.636200000000000000e+04,4.560600000000000000e+04,4.299800000000000000e+04,3.956200000000000000e+04,3.741000000000000000e+04,3.282200000000000000e+04,3.288000000000000000e+04,3.366600000000000000e+04,3.371200000000000000e+04
4.219200000000000000e+04,3.294400000000000000e+04,3.632000000000000000e+04,3.559200000000000000e+04,3.112800000000000000e+04,1.960000000000000000e+04,1.905600000000000000e+04,1.988800000000000000e+04,2.419200000000000000e+04,3.037600000000000000e+04,2.250400000000000000e+04,0.000000000000000000e+00,1.496000000000000000e+04,2.602600000000000000e+04,2.438200000000000000e+04,1.749000000000000000e+04,1.443800000000000000e+04,2.063400000000000000e+04,1.421800000000000000e+04,1.734600000000000000e+04,1.338000000000000000e+04,3.029200000000000000e+04,3.926200000000000000e+04,3.751600000000000000e+04,3.549800000000000000e+04,3.554400000000000000e+04,2.858400000000000000e+04,2.855200000000000000e+04,2.863400000000000000e+04,2.873600000000000000e+04,3.711200000000000000e+04,4.208800000000000000e+04,4.357600000000000000e+04,4.081600000000000000e+04,3.509600000000000000e+04,3.924800000000000000e+04,2.288800000000000000e+04,3.212000000000000000e+04,2.646400000000000000e+04,3.394400000000000000e+04,3.503400000000000000e+04,3.104200000000000000e+04,2.827800000000000000e+04,3.290200000000000000e+04,3.424800000000000000e+04,3.643200000000000000e+04,3.414200000000000000e+04,3.155600000000000000e+04,3.075800000000000000e+04,3.876800000000000000e+04,3.297800000000000000e+04,4.031800000000000000e+04,4.420000000000000000e+04,4.401400000000000000e+04,3.002800000000000000e+04,3.571400000000000000e+04,3.232200000000000000e+04,3.017000000000000000e+04,3.632000000000000000e+04,3.633400000000000000e+04
4.379000000000000000e+04,3.429800000000000000e+04,3.645200000000000000e+04,3.275200000000000000e+04,2.802600000000000000e+04,1.742600000000000000e+04,1.973800000000000000e+04,2.257200000000000000e+04,2.665000000000000000e+04,3.070000000000000000e+04,2.328400000000000000e+04,1.496000000000000000e+04,0.000000000000000000e+00,2.658200000000000000e+04,2.640400000000000000e+04,1.954000000000000000e+04,1.608200000000000000e+04,2.098000000000000000e+04,1.483600000000000000e+04,1.908800000000000000e+04,1.403200000000000000e+04,3.473000000000000000e+04,4.103200000000000000e+04,3.859400000000000000e+04,3.648400000000000000e+04,3.651200000000000000e+04,2.890800000000000000e+04,2.887000000000000000e+04,2.890400000000000000e+04,2.893400000000000000e+04,3.291400000000000000e+04,3.634200000000000000e+04,4.566800000000000000e+04,3.724600000000000000e+04,4.000200000000000000e+04,4.491600000000000000e+04,2.704200000000000000e+04,3.997000000000000000e+04,3.569200000000000000e+04,3.825600000000000000e+04,4.083400000000000000e+04,3.324800000000000000e+04,2.588800000000000000e+04,3.833000000000000000e+04,3.845800000000000000e+04,3.615600000000000000e+04,3.628000000000000000e+04,3.106800000000000000e+04,3.308200000000000000e+04,4.143600000000000000e+04,3.628400000000000000e+04,4.521400000000000000e+04,4.508000000000000000e+04,4.797600000000000000e+04,3.669000000000000000e+04,4.149600000000000000e+04,3.750800000000000000e+04,3.170800000000000000e+04,3.708200000000000000e+04,3.706200000000000000e+04
3.277800000000000000e+04,3.426200000000000000e+04,3.017800000000000000e+04,3.809200000000000000e+04,3.416200000000000000e+04,2.414400000000000000e+04,1.897400000000000000e+04,1.806000000000000000e+04,1.739800000000000000e+04,8.898000000000000000e+03,7.796000000000000000e+03,2.602600000000000000e+04,2.658200000000000000e+04,0.000000000000000000e+00,2.958400000000000000e+04,2.706000000000000000e+04,2.458800000000000000e+04,2.596600000000000000e+04,2.374600000000000000e+04,2.079400000000000000e+04,2.414400000000000000e+04,3.052800000000000000e+04,3.417400000000000000e+04,3.494400000000000000e+04,3.385800000000000000e+04,3.392800000000000000e+04,3.410200000000000000e+04,3.419800000000000000e+04,3.442800000000000000e+04,3.455600000000000000e+04,3.396600000000000000e+04,3.559200000000000000e+04,2.394400000000000000e+04,3.422600000000000000e+04,4.537800000000000000e+04,4.178800000000000000e+04,2.655000000000000000e+04,4.164800000000000000e+04,3.488200000000000000e+04,3.854800000000000000e+04,4.052800000000000000e+04,4.008200000000000000e+04,3.703000000000000000e+04,4.036400000000000000e+04,4.081600000000000000e+04,3.822000000000000000e+04,3.133000000000000000e+04,3.271000000000000000e+04,3.024800000000000000e+04,3.925400000000000000e+04,4.119400000000000000e+04,4.751400000000000000e+04,4.581800000000000000e+04,4.495600000000000000e+04,4.126600000000000000e+04,3.853400000000000000e+04,3.183800000000000000e+04,3.307800000000000000e+04,3.362000000000000000e+04,3.367000000000000000e+04
4.827200000000000000e+04,2.445200000000000000e+04,3.308400000000000000e+04,3.223000000000000000e+04,2.540400000000000000e+04,2.684200000000000000e+04,3.128800000000000000e+04,2.835400000000000000e+04,3.570200000000000000e+04,3.251200000000000000e+04,2.921600000000000000e+04,2.438200000000000000e+04,2.640400000000000000e+04,2.958400000000000000e+04,0.000000000000000000e+00,1.661000000000000000e+04,2.651400000000000000e+04,1.569200000000000000e+04,2.463800000000000000e+04,3.109200000000000000e+04,2.421400000000000000e+04,2.665400000000000000e+04,3.570200000000000000e+04,3.547200000000000000e+04,3.264000000000000000e+04,3.272600000000000000e+04,3.206400000000000000e+04,3.221800000000000000e+04,3.246200000000000000e+04,3.262600000000000000e+04,4.178800000000000000e+04,4.276000000000000000e+04,4.365200000000000000e+04,4.254400000000000000e+04,3.496600000000000000e+04,3.793000000000000000e+04,3.043000000000000000e+04,3.982800000000000000e+04,2.839200000000000000e+04,3.103800000000000000e+04,3.502200000000000000e+04,4.595400000000000000e+04,3.992400000000000000e+04,3.028600000000000000e+04,4.221800000000000000e+04,3.956800000000000000e+04,3.343800000000000000e+04,3.973600000000000000e+04,3.815800000000000000e+04,4.112800000000000000e+04,4.154000000000000000e+04,4.390800000000000000e+04,4.344800000000000000e+04,4.799600000000000000e+04,4.468800000000000000e+04,4.239600000000000000e+04,3.002600000000000000e+04,3.138000000000000000e+04,2.996400000000000000e+04,2.994600000000000000e+04
4.552200000000000000e+04,2.719600000000000000e+04,3.474800000000000000e+04,3.226000000000000000e+04,2.729400000000000000e+04,1.682800000000000000e+04,2.238600000000000000e+04,2.206400000000000000e+04,3.225000000000000000e+04,2.917600000000000000e+04,2.570200000000000000e+04,1.749000000000000000e+04,1.954000000000000000e+04,2.706000000000000000e+04,1.661000000000000000e+04,0.000000000000000000e+00,1.657200000000000000e+04,8.192000000000000000e+03,1.415000000000000000e+04,2.366200000000000000e+04,1.433600000000000000e+04,3.047800000000000000e+04,3.583000000000000000e+04,3.425600000000000000e+04,3.217600000000000000e+04,3.222200000000000000e+04,3.145200000000000000e+04,3.153200000000000000e+04,3.169600000000000000e+04,3.182200000000000000e+04,3.831600000000000000e+04,3.997800000000000000e+04,4.421400000000000000e+04,3.883600000000000000e+04,3.956800000000000000e+04,4.296400000000000000e+04,1.704400000000000000e+04,2.955600000000000000e+04,3.180400000000000000e+04,3.525200000000000000e+04,3.712800000000000000e+04,4.151200000000000000e+04,3.641200000000000000e+04,3.263000000000000000e+04,3.039200000000000000e+04,2.844000000000000000e+04,2.535400000000000000e+04,3.529200000000000000e+04,3.491200000000000000e+04,3.920400000000000000e+04,3.797400000000000000e+04,3.604000000000000000e+04,3.464600000000000000e+04,4.794200000000000000e+04,4.132200000000000000e+04,4.098800000000000000e+04,3.418800000000000000e+04,3.321400000000000000e+04,3.445600000000000000e+04,3.447400000000000000e+04
4.358800000000000000e+04,3.199600000000000000e+04,3.990600000000000000e+04,3.938400000000000000e+04,3.015000000000000000e+04,1.390400000000000000e+04,1.646600000000000000e+04,1.976000000000000000e+04,2.414200000000000000e+04,2.835000000000000000e+04,2.188600000000000000e+04,1.443800000000000000e+04,1.608200000000000000e+04,2.458800000000000000e+04,2.651400000000000000e+04,1.657200000000000000e+04,0.000000000000000000e+00,1.523800000000000000e+04,4.640000000000000000e+03,1.236800000000000000e+04,5.916000000000000000e+03,3.462400000000000000e+04,4.028200000000000000e+04,3.900400000000000000e+04,3.758400000000000000e+04,3.760200000000000000e+04,3.036000000000000000e+04,3.030800000000000000e+04,3.034800000000000000e+04,3.040800000000000000e+04,3.954800000000000000e+04,4.193200000000000000e+04,4.448200000000000000e+04,3.864400000000000000e+04,4.228400000000000000e+04,4.502600000000000000e+04,2.341800000000000000e+04,3.635600000000000000e+04,2.974200000000000000e+04,3.832000000000000000e+04,4.146200000000000000e+04,2.749800000000000000e+04,2.598400000000000000e+04,3.037200000000000000e+04,3.078400000000000000e+04,2.918800000000000000e+04,3.165600000000000000e+04,2.542400000000000000e+04,2.721600000000000000e+04,4.095600000000000000e+04,3.335400000000000000e+04,4.082800000000000000e+04,4.182600000000000000e+04,4.481600000000000000e+04,3.257800000000000000e+04,3.865800000000000000e+04,3.732400000000000000e+04,3.278400000000000000e+04,3.716600000000000000e+04,3.718400000000000000e+04
4.714200000000000000e+04,2.586200000000000000e+04,3.688800000000000000e+04,3.743400000000000000e+04,2.566600000000000000e+04,1.857800000000000000e+04,2.164400000000000000e+04,2.185600000000000000e+04,3.043000000000000000e+04,2.937800000000000000e+04,2.511000000000000000e+04,2.063400000000000000e+04,2.098000000000000000e+04,2.596600000000000000e+04,1.569200000000000000e+04,8.192000000000000000e+03,1.523800000000000000e+04,0.000000000000000000e+00,1.317000000000000000e+04,2.234200000000000000e+04,1.344600000000000000e+04,3.348800000000000000e+04,3.671600000000000000e+04,3.634000000000000000e+04,3.476600000000000000e+04,3.480400000000000000e+04,3.444800000000000000e+04,3.447600000000000000e+04,3.462200000000000000e+04,3.473200000000000000e+04,3.914200000000000000e+04,4.056600000000000000e+04,4.354800000000000000e+04,3.913400000000000000e+04,3.838200000000000000e+04,4.523800000000000000e+04,1.923200000000000000e+04,3.273600000000000000e+04,2.994800000000000000e+04,3.337000000000000000e+04,3.980200000000000000e+04,4.054800000000000000e+04,3.757000000000000000e+04,3.135000000000000000e+04,3.024600000000000000e+04,2.684400000000000000e+04,2.449200000000000000e+04,3.320200000000000000e+04,3.475200000000000000e+04,4.251400000000000000e+04,4.068600000000000000e+04,3.733600000000000000e+04,3.585800000000000000e+04,4.936200000000000000e+04,4.026200000000000000e+04,4.232800000000000000e+04,3.658400000000000000e+04,3.742600000000000000e+04,3.303000000000000000e+04,3.302400000000000000e+04
4.295600000000000000e+04,3.159400000000000000e+04,3.913000000000000000e+04,3.762000000000000000e+04,3.077600000000000000e+04,1.367800000000000000e+04,1.483200000000000000e+04,1.897800000000000000e+04,2.702200000000000000e+04,2.782800000000000000e+04,2.111600000000000000e+04,1.421800000000000000e+04,1.483600000000000000e+04,2.374600000000000000e+04,2.463800000000000000e+04,1.415000000000000000e+04,4.640000000000000000e+03,1.317000000000000000e+04,0.000000000000000000e+00,1.504400000000000000e+04,2.010000000000000000e+03,3.542800000000000000e+04,3.961600000000000000e+04,3.717400000000000000e+04,3.570600000000000000e+04,3.572400000000000000e+04,2.819800000000000000e+04,2.813600000000000000e+04,2.821600000000000000e+04,2.827600000000000000e+04,3.779000000000000000e+04,4.007200000000000000e+04,4.416600000000000000e+04,3.847800000000000000e+04,4.408200000000000000e+04,4.610600000000000000e+04,2.458200000000000000e+04,3.637600000000000000e+04,3.181600000000000000e+04,3.779600000000000000e+04,4.075600000000000000e+04,2.968400000000000000e+04,2.701800000000000000e+04,3.261000000000000000e+04,3.304400000000000000e+04,3.012000000000000000e+04,3.035200000000000000e+04,2.403200000000000000e+04,2.590600000000000000e+04,3.953000000000000000e+04,3.327000000000000000e+04,4.130800000000000000e+04,4.014800000000000000e+04,4.492800000000000000e+04,3.200600000000000000e+04,3.840000000000000000e+04,3.781800000000000000e+04,3.100200000000000000e+04,3.658600000000000000e+04,3.660400000000000000e+04
3.260200000000000000e+04,3.740400000000000000e+04,4.022600000000000000e+04,3.854000000000000000e+04,3.165000000000000000e+04,2.378200000000000000e+04,1.417000000000000000e+04,1.699800000000000000e+04,2.030800000000000000e+04,2.547600000000000000e+04,1.870800000000000000e+04,1.734600000000000000e+04,1.908800000000000000e+04,2.079400000000000000e+04,3.109200000000000000e+04,2.366200000000000000e+04,1.236800000000000000e+04,2.234200000000000000e+04,1.504400000000000000e+04,0.000000000000000000e+00,1.506600000000000000e+04,3.134600000000000000e+04,3.399800000000000000e+04,3.225800000000000000e+04,3.094600000000000000e+04,3.090800000000000000e+04,3.067000000000000000e+04,3.072600000000000000e+04,3.091200000000000000e+04,3.107000000000000000e+04,3.940200000000000000e+04,4.175400000000000000e+04,4.346800000000000000e+04,3.840200000000000000e+04,4.425800000000000000e+04,4.370800000000000000e+04,2.863000000000000000e+04,3.838000000000000000e+04,2.470400000000000000e+04,4.006200000000000000e+04,3.110800000000000000e+04,3.205400000000000000e+04,3.002200000000000000e+04,3.573000000000000000e+04,3.335200000000000000e+04,3.231000000000000000e+04,3.544800000000000000e+04,2.968000000000000000e+04,3.173600000000000000e+04,3.042800000000000000e+04,3.776400000000000000e+04,4.255200000000000000e+04,4.235800000000000000e+04,3.467800000000000000e+04,3.339600000000000000e+04,3.323400000000000000e+04,3.089400000000000000e+04,3.191600000000000000e+04,3.668000000000000000e+04,3.672400000000000000e+04
4.345800000000000000e+04,3.282800000000000000e+04,3.856600000000000000e+04,3.681000000000000000e+04,3.013600000000000000e+04,1.525000000000000000e+04,1.514200000000000000e+04,1.940400000000000000e+04,2.695600000000000000e+04,2.830200000000000000e+04,2.142800000000000000e+04,1.338000000000000000e+04,1.403200000000000000e+04,2.414400000000000000e+04,2.421400000000000000e+04,1.433600000000000000e+04,5.916000000000000000e+03,1.344600000000000000e+04,2.010000000000000000e+03,1.506600000000000000e+04,0.000000000000000000e+00,3.371800000000000000e+04,3.877200000000000000e+04,3.610200000000000000e+04,3.443600000000000000e+04,3.445400000000000000e+04,2.690400000000000000e+04,2.686200000000000000e+04,2.694600000000000000e+04,2.700600000000000000e+04,3.817200000000000000e+04,4.052800000000000000e+04,4.460000000000000000e+04,3.891400000000000000e+04,4.341800000000000000e+04,4.525200000000000000e+04,2.465800000000000000e+04,3.512800000000000000e+04,3.259800000000000000e+04,3.688800000000000000e+04,3.928200000000000000e+04,2.975400000000000000e+04,2.714800000000000000e+04,3.357400000000000000e+04,3.294600000000000000e+04,2.994800000000000000e+04,3.019400000000000000e+04,2.409400000000000000e+04,2.587400000000000000e+04,3.847200000000000000e+04,3.209600000000000000e+04,3.999000000000000000e+04,3.872600000000000000e+04,4.401400000000000000e+04,3.144000000000000000e+04,3.773200000000000000e+04,3.619800000000000000e+04,2.941400000000000000e+04,3.571800000000000000e+04,3.573600000000000000e+04
4.624000000000000000e+04,4.084400000000000000e+04,2.602600000000000000e+04,2.946200000000000000e+04,2.920400000000000000e+04,3.976600000000000000e+04,3.720000000000000000e+04,3.421000000000000000e+04,3.415200000000000000e+04,3.231600000000000000e+04,3.191200000000000000e+04,3.029200000000000000e+04,3.473000000000000000e+04,3.052800000000000000e+04,2.665400000000000000e+04,3.047800000000000000e+04,3.462400000000000000e+04,3.348800000000000000e+04,3.542800000000000000e+04,3.134600000000000000e+04,3.371800000000000000e+04,0.000000000000000000e+00,2.994400000000000000e+04,2.860000000000000000e+04,2.364000000000000000e+04,2.370600000000000000e+04,2.683400000000000000e+04,2.687800000000000000e+04,2.707200000000000000e+04,2.723200000000000000e+04,4.761600000000000000e+04,5.025600000000000000e+04,4.510200000000000000e+04,4.901600000000000000e+04,3.906000000000000000e+04,2.886800000000000000e+04,3.679200000000000000e+04,2.866400000000000000e+04,3.526800000000000000e+04,3.588800000000000000e+04,2.320200000000000000e+04,4.324000000000000000e+04,4.225400000000000000e+04,3.870000000000000000e+04,4.253600000000000000e+04,4.316400000000000000e+04,4.230000000000000000e+04,3.896400000000000000e+04,4.091800000000000000e+04,3.615400000000000000e+04,2.992200000000000000e+04,4.372200000000000000e+04,4.094800000000000000e+04,3.971600000000000000e+04,4.517400000000000000e+04,3.834200000000000000e+04,1.704400000000000000e+04,2.019800000000000000e+04,3.410400000000000000e+04,3.430200000000000000e+04
5.007800000000000000e+04,4.524600000000000000e+04,4.473200000000000000e+04,4.448800000000000000e+04,4.480200000000000000e+04,4.380600000000000000e+04,3.694600000000000000e+04,3.418000000000000000e+04,3.882800000000000000e+04,3.664200000000000000e+04,3.504800000000000000e+04,3.926200000000000000e+04,4.103200000000000000e+04,3.417400000000000000e+04,3.570200000000000000e+04,3.583000000000000000e+04,4.028200000000000000e+04,3.671600000000000000e+04,3.961600000000000000e+04,3.399800000000000000e+04,3.877200000000000000e+04,2.994400000000000000e+04,0.000000000000000000e+00,1.350000000000000000e+04,1.898000000000000000e+04,1.912600000000000000e+04,2.884400000000000000e+04,2.902800000000000000e+04,2.916200000000000000e+04,2.938200000000000000e+04,5.473600000000000000e+04,5.652000000000000000e+04,4.909600000000000000e+04,5.532800000000000000e+04,4.805400000000000000e+04,4.818400000000000000e+04,4.246400000000000000e+04,4.121200000000000000e+04,3.806200000000000000e+04,4.381400000000000000e+04,3.668400000000000000e+04,4.457800000000000000e+04,4.377600000000000000e+04,4.209600000000000000e+04,4.218000000000000000e+04,3.979000000000000000e+04,3.916800000000000000e+04,3.946000000000000000e+04,4.019600000000000000e+04,4.269200000000000000e+04,3.858200000000000000e+04,4.417400000000000000e+04,3.981200000000000000e+04,3.935000000000000000e+04,3.296400000000000000e+04,2.862200000000000000e+04,3.297800000000000000e+04,3.808600000000000000e+04,2.572400000000000000e+04,2.587200000000000000e+04
4.867600000000000000e+04,4.668800000000000000e+04,4.291400000000000000e+04,3.932800000000000000e+04,4.318200000000000000e+04,4.243400000000000000e+04,3.688400000000000000e+04,3.471800000000000000e+04,3.736200000000000000e+04,3.769200000000000000e+04,3.452200000000000000e+04,3.751600000000000000e+04,3.859400000000000000e+04,3.494400000000000000e+04,3.547200000000000000e+04,3.425600000000000000e+04,3.900400000000000000e+04,3.634000000000000000e+04,3.717400000000000000e+04,3.225800000000000000e+04,3.610200000000000000e+04,2.860000000000000000e+04,1.350000000000000000e+04,0.000000000000000000e+00,1.022400000000000000e+04,1.043600000000000000e+04,2.147600000000000000e+04,2.178200000000000000e+04,2.206600000000000000e+04,2.235200000000000000e+04,5.283200000000000000e+04,5.511200000000000000e+04,5.051600000000000000e+04,5.410400000000000000e+04,4.666000000000000000e+04,4.319800000000000000e+04,4.166800000000000000e+04,3.806400000000000000e+04,3.643000000000000000e+04,4.090800000000000000e+04,3.311400000000000000e+04,4.382200000000000000e+04,4.206200000000000000e+04,4.116200000000000000e+04,4.050600000000000000e+04,3.922200000000000000e+04,3.983600000000000000e+04,4.022600000000000000e+04,4.085400000000000000e+04,4.244800000000000000e+04,4.009000000000000000e+04,3.346400000000000000e+04,2.963200000000000000e+04,3.023000000000000000e+04,3.753400000000000000e+04,3.308200000000000000e+04,2.909200000000000000e+04,3.080600000000000000e+04,2.001400000000000000e+04,2.017200000000000000e+04
4.788400000000000000e+04,4.575400000000000000e+04,4.056600000000000000e+04,3.520200000000000000e+04,3.998400000000000000e+04,4.104000000000000000e+04,3.566400000000000000e+04,3.343600000000000000e+04,3.626800000000000000e+04,3.665600000000000000e+04,3.318600000000000000e+04,3.549800000000000000e+04,3.648400000000000000e+04,3.385800000000000000e+04,3.264000000000000000e+04,3.217600000000000000e+04,3.758400000000000000e+04,3.476600000000000000e+04,3.570600000000000000e+04,3.094600000000000000e+04,3.443600000000000000e+04,2.364000000000000000e+04,1.898000000000000000e+04,1.022400000000000000e+04,0.000000000000000000e+00,2.600000000000000000e+02,1.141200000000000000e+04,1.178200000000000000e+04,1.212600000000000000e+04,1.244600000000000000e+04,5.213000000000000000e+04,5.441000000000000000e+04,4.979000000000000000e+04,5.340200000000000000e+04,4.391200000000000000e+04,3.784800000000000000e+04,4.066200000000000000e+04,3.540200000000000000e+04,3.495800000000000000e+04,3.993800000000000000e+04,3.092000000000000000e+04,4.367200000000000000e+04,4.136200000000000000e+04,4.067800000000000000e+04,4.007600000000000000e+04,3.926800000000000000e+04,3.971600000000000000e+04,4.008800000000000000e+04,4.073600000000000000e+04,4.095400000000000000e+04,3.864800000000000000e+04,3.853000000000000000e+04,3.464600000000000000e+04,3.611200000000000000e+04,4.220600000000000000e+04,3.775600000000000000e+04,2.167600000000000000e+04,2.270200000000000000e+04,2.864400000000000000e+04,2.883800000000000000e+04
4.784800000000000000e+04,4.576400000000000000e+04,4.055200000000000000e+04,3.525400000000000000e+04,3.999000000000000000e+04,4.108200000000000000e+04,3.562600000000000000e+04,3.336200000000000000e+04,3.628600000000000000e+04,3.669200000000000000e+04,3.322400000000000000e+04,3.554400000000000000e+04,3.651200000000000000e+04,3.392800000000000000e+04,3.272600000000000000e+04,3.222200000000000000e+04,3.760200000000000000e+04,3.480400000000000000e+04,3.572400000000000000e+04,3.090800000000000000e+04,3.445400000000000000e+04,2.370600000000000000e+04,1.912600000000000000e+04,1.043600000000000000e+04,2.600000000000000000e+02,0.000000000000000000e+00,1.129200000000000000e+04,1.166800000000000000e+04,1.201200000000000000e+04,1.233200000000000000e+04,5.218600000000000000e+04,5.446600000000000000e+04,4.978600000000000000e+04,5.345800000000000000e+04,4.396200000000000000e+04,3.790600000000000000e+04,4.068000000000000000e+04,3.544000000000000000e+04,3.501200000000000000e+04,4.002200000000000000e+04,3.094200000000000000e+04,4.369600000000000000e+04,4.143200000000000000e+04,4.079400000000000000e+04,4.016800000000000000e+04,3.930600000000000000e+04,3.981600000000000000e+04,4.013400000000000000e+04,4.081200000000000000e+04,4.100400000000000000e+04,3.872400000000000000e+04,3.861200000000000000e+04,3.466200000000000000e+04,3.608000000000000000e+04,4.236800000000000000e+04,3.790800000000000000e+04,2.180200000000000000e+04,2.282400000000000000e+04,2.870000000000000000e+04,2.889000000000000000e+04
